AA=0:1:999;

  
    
    Pcn = [401	13.869	9.2522	2.7963	2.7963	2.7963	1.6176	1.6176	1.6176	1.6176	1.6176	1.6176	1.6176	1.6176	1.6176	1.6176	1.6176	1.6176	1.6176	1.6176	1.6176	0.53905	0.53905	0.53905	0.53905	0.53905	0.53905	0.53905	0.53905	0.53905	0.53905	0.53905	0.53905	0.25895	0.25895	0.1457	0.1457	0.1457	0.1457	0.1457	0.1457	0.1457	0.1457	0.1457	0.1457	0.1457	0.1457	0.1457	0.1457	0.1457	0.1457	0.1457	0.1457	0.1457	0.1457	0.1457	0.1457	0.1457	0.1457	0.1457	0.1457	0.1457	0.1457	0.068014	0.068014	0.068014	0.068014	0.068014	0.068014	0.068014	0.068014	0.068014	0.068014	0.068014	0.068014	0.068014	0.068014	0.068014	0.068014	0.068014	0.068014	0.068014	0.068014	0.068014	0.068014	0.068014	0.068014	0.068014	0.068014	0.068014	0.068014	0.068014	0.068014	0.068014	0.068014	0.068014	0.068014	0.068014	0.068014	0.068014	0.068014	0.068014	0.068014	0.068014	0.068014	0.068014	0.068014	0.068014	0.068014	0.068014	0.068014	0.068014	0.068014	0.068014	0.068014	0.068014	0.068014	0.068014	0.068014	0.068014	0.068014	0.068014	0.068014	0.068014	0.068014	0.068014	0.068014	0.068014	0.068014	0.068014	0.068014	0.068014	0.068014	0.068014	0.068014	0.068014	0.068014	0.068014	0.068014	0.068014	0.068014	0.068014	0.068014	0.068014	0.068014	0.068014	0.068014	0.068014	0.068014	0.068014	0.068014	0.068014	0.068014	0.068014	0.068014	0.068014	0.068014	0.068014	0.068014	0.068014	0.068014	0.068014	0.068014	0.068014	0.068014	0.068014	0.068014	0.068014	0.068014	0.068014	0.068014	0.068014	0.068014	0.068014	0.068014	0.068014	0.068014	0.068014	0.068014	0.068014	0.068014	0.068014	0.068014	0.068014	0.068014	0.068014	0.068014	0.068014	0.068014	0.068014	0.068014	0.068014	0.068014	0.068014	0.068014	0.068014	0.068014	0.068014	0.068014	0.068014	0.068014	0.068014	0.068014	0.068014	0.068014	0.068014	0.068014	0.068014	0.068014	0.068014	0.068014	0.068014	0.068014	0.068014	0.068014	0.068014	0.068014	0.068014	0.068014	0.068014	0.068014	0.068014	0.068014	0.068014	0.068014	0.068014	0.068014	0.068014	0.068014	0.068014	0.068014	0.068014	0.068014	0.068014	0.068014	0.068014	0.068014	0.068014	0.068014	0.068014	0.068014	0.068014	0.068014	0.068014	0.068014	0.068014	0.068014	0.068014	0.068014	0.068014	0.068014	0.068014	0.068014	0.068014	0.068014	0.068014	0.068014	0.068014	0.068014	0.068014	0.068014	0.068014	0.068014	0.068014	0.068014	0.068014	0.068014	0.068014	0.068014	0.068014	0.068014	0.068014	0.068014	0.068014	0.068014	0.068014	0.068014	0.068014	0.068014	0.068014	0.068014	0.068014	0.068014	0.068014	0.068014	0.068014	0.068014	0.029386	0.029386	0.029386	0.029386	0.029386	0.029386	0.029386	0.029386	0.029386	0.029386	0.029386	0.029386	0.029386	0.029386	0.029386	0.029386	0.029386	0.029386	0.029386	0.029386	0.029386	0.029386	0.029386	0.029386	0.029386	0.029386	0.029386	0.014105	0.014105	0.014105	0.014105	0.014105	0.014105	0.014105	0.014105	0.014105	0.014105	0.014105	0.014105	0.014105	0.014105	0.014105	0.014105	0.014105	0.014105	0.014105	0.014105	0.014105	0.014105	0.014105	0.014105	0.014105	0.014105	0.014105	0.014105	0.014105	0.014105	0.014105	0.014105	0.014105	0.014105	0.014105	0.014105	0.014105	0.014105	0.014105	0.014105	0.014105	0.014105	0.014105	0.014105	0.014105	0.014105	0.014105	0.014105	0.014105	0.014105	0.014105	0.014105	0.014105	0.014105	0.014105	0.014105	0.014105	0.014105	0.014105	0.014105	0.014105	0.014105	0.014105	0.014105	0.014105	0.014105	0.014105	0.014105	0.014105	0.014105	0.014105	0.014105	0.014105	0.014105	0.014105	0.014105	0.014105	0.014105	0.014105	0.014105	0.014105	0.014105	0.014105	0.014105	0.014105	0.014105	0.014105	0.014105	0.014105	0.014105	0.014105	0.014105	0.014105	0.014105	0.014105	0.014105	0.014105	0.014105	0.014105	0.014105	0.014105	0.014105	0.014105	0.014105	0.014105	0.014105	0.014105	0.014105	0.014105	0.014105	0.014105	0.014105	0.014105	0.014105	0.014105	0.014105	0.014105	0.014105	0.014105	0.014105	0.014105	0.014105	0.014105	0.014105	0.014105	0.014105	0.014105	0.014105	0.014105	0.014105	0.014105	0.014105	0.014105	0.014105	0.014105	0.014105	0.014105	0.014105	0.014105	0.014105	0.014105	0.014105	0.014105	0.014105	0.014105	0.014105	0.014105	0.014105	0.014105	0.014105	0.014105	0.014105	0.014105	0.014105	0.014105	0.014105	0.014105	0.014105	0.014105	0.014105	0.014105	0.014105	0.014105	0.014105	0.014105	0.014105	0.014105	0.014105	0.014105	0.014105	0.014105	0.014105	0.014105	0.014105	0.014105	0.014105	0.014105	0.014105	0.014105	0.014105	0.014105	0.014105	0.014105	0.014105	0.014105	0.014105	0.014105	0.014105	0.014105	0.014105	0.014105	0.014105	0.014105	0.014105	0.014105	0.014105	0.014105	0.014105	0.014105	0.014105	0.014105	0.014105	0.014105	0.014105	0.014105	0.014105	0.014105	0.014105	0.014105	0.014105	0.014105	0.014105	0.014105	0.014105	0.014105	0.014105	0.014105	0.014105	0.014105	0.014105	0.014105	0.014105	0.014105	0.014105	0.014105	0.014105	0.014105	0.014105	0.014105	0.014105	0.014105	0.014105	0.014105	0.014105	0.014105	0.014105	0.014105	0.014105	0.014105	0.014105	0.014105	0.014105	0.014105	0.014105	0.014105	0.014105	0.014105	0.014105	0.014105	0.014105	0.014105	0.014105	0.014105	0.014105	0.014105	0.014105	0.014105	0.014105	0.014105	0.014105	0.014105	0.014105	0.014105	0.014105	0.014105	0.014105	0.014105	0.014105	0.014105	0.014105	0.014105	0.014105	0.014105	0.014105	0.014105	0.014105	0.014105	0.014105	0.014105	0.014105	0.014105	0.014105	0.014105	0.014105	0.014105	0.014105	0.014105	0.014105	0.014105	0.014105	0.014105	0.014105	0.014105	0.014105	0.014105	0.014105	0.014105	0.014105	0.014105	0.014105	0.014105	0.014105	0.014105	0.014105	0.014105	0.014105	0.014105	0.014105	0.014105	0.014105	0.014105	0.014105	0.014105	0.014105	0.014105	0.014105	0.014105	0.014105	0.014105	0.014105	0.014105	0.014105	0.014105	0.014105	0.014105	0.014105	0.014105	0.014105	0.014105	0.014105	0.014105	0.014105	0.014105	0.014105	0.014105	0.014105	0.014105	0.014105	0.014105	0.014105	0.014105	0.014105	0.014105	0.014105	0.014105	0.014105	0.014105	0.014105	0.014105	0.014105	0.014105	0.014105	0.014105	0.014105	0.014105	0.014105	0.014105	0.014105	0.014105	0.014105	0.014105	0.014105	0.014105	0.014105	0.014105	0.014105	0.014105	0.014105	0.014105	0.014105	0.014105	0.014105	0.014105	0.014105	0.014105	0.014105	0.014105	0.014105	0.014105	0.014105	0.014105	0.014105	0.014105	0.014105	0.014105	0.014105	0.014105	0.014105	0.014105	0.014105	0.014105	0.014105	0.014105	0.014105	0.014105	0.014105	0.014105	0.014105	0.014105	0.014105	0.014105	0.014105	0.014105	0.014105	0.014105	0.014105	0.014105	0.014105	0.014105	0.014105	0.014105	0.014105	0.014105	0.014105	0.014105	0.014105	0.014105	0.014105	0.014105	0.014105	0.014105	0.014105	0.014105	0.014105	0.014105	0.014105	0.014105	0.014105	0.014105	0.014105	0.014105	0.014105	0.014105	0.014105	0.014105	0.014105	0.014105	0.014105	0.014105	0.014105	0.014105	0.014105	0.014105	0.014105	0.014105	0.014105	0.014105	0.014105	0.014105	0.014105	0.014105	0.014105	0.014105	0.014105	0.014105	0.014105	0.014105	0.014105	0.014105	0.014105	0.014105	0.014105	0.014105	0.014105	0.014105	0.014105	0.014105	0.014105	0.014105	0.014105	0.014105	0.014105	0.014105	0.014105	0.014105	0.014105	0.014105	0.014105	0.014105	0.014105	0.014105	0.014105	0.014105	0.014105	0.014105	0.014105	0.014105	0.014105	0.014105	0.014105	0.014105	0.014105	0.014105	0.014105	0.014105	0.014105	0.014105	0.014105	0.014105	0.014105	0.014105	0.014105	0.014105	0.014105	0.014105	0.014105	0.014105	0.014105	0.014105	0.014105	0.014105	0.014105	0.014105	0.014105	0.014105	0.014105	0.014105	0.014105	0.014105	0.014105	0.014105	0.014105	0.014105	0.014105	0.014105	0.014105	0.014105	0.014105	0.014105	0.014105	0.014105	0.014105	0.014105	0.014105	0.014105	0.014105	0.014105	0.014105	0.014105	0.014105	0.014105	0.014105	0.014105	0.014105	0.014105	0.014105	0.014105	0.014105	0.014105	0.014105	0.014105	0.014105	0.014105	0.014105	0.014105	0.014105	0.014105	0.014105	0.014105	0.014105	0.014105	0.014105	0.014105	0.014105	0.014105	0.014105	0.014105	0.014105	0.014105	0.014105	0.014105	0.014105	0.014105	0.014105	0.014105	0.014105	0.014105	0.014105	0.014105	0.014105	0.014105	0.014105	0.014105	