AA=0:1:999;

  
    
    Pcn = [0.35675	0.31664	0.10495	0.10495	0.031455	0.031455	0.031455	0.031455	0.031455	0.031455	0.031455	0.031455	0.031455	0.031455	0.031455	0.031455	0.031455	0.031455	0.031455	0.031455	0.031455	0.031455	0.031455	0.031455	0.031455	0.031455	0.031455	0.031455	0.031455	0.031455	0.031455	0.031455	0.031455	0.031455	0.031455	0.031455	0.02231	0.02231	0.02231	0.02231	0.02231	0.02231	0.02231	0.02231	0.02231	0.02231	0.02231	0.02231	0.02231	0.02231	0.02231	0.02231	0.02231	0.02231	0.02231	0.02231	0.02231	0.02231	0.02231	0.02231	0.02231	0.02231	0.02231	0.02231	0.02231	0.02231	0.02231	0.02231	0.02231	0.02231	0.02231	0.02231	0.02231	0.02231	0.02231	0.02231	0.02231	0.02231	0.02231	0.02231	0.02231	0.02231	0.02231	0.02231	0.02231	0.02231	0.02231	0.02231	0.02231	0.02231	0.02231	0.02231	0.02231	0.02231	0.02231	0.02231	0.02231	0.02231	0.02231	0.02231	0.02231	0.02231	0.02231	0.02231	0.02231	0.02231	0.02231	0.02231	0.02231	0.02231	0.02231	0.02231	0.02231	0.02231	0.02231	0.02231	0.02231	0.02231	0.02231	0.02231	0.02231	0.02231	0.02231	0.02231	0.02231	0.02231	0.02231	0.02231	0.02231	0.02231	0.02231	0.02231	0.02231	0.02231	0.02231	0.02231	0.02231	0.02231	0.02231	0.02231	0.02231	0.02231	0.02231	0.02231	0.02231	0.02231	0.02231	0.02231	0.02231	0.02231	0.02231	0.02231	0.02231	0.02231	0.02231	0.02231	0.02231	0.02231	0.02231	0.02231	0.02231	0.02231	0.02231	0.02231	0.02231	0.02231	0.02231	0.02231	0.02231	0.02231	0.02231	0.02231	0.02231	0.02231	0.02231	0.02231	0.02231	0.02231	0.02231	0.02231	0.02231	0.02231	0.02231	0.02231	0.02231	0.02231	0.02231	0.02231	0.02231	0.02231	0.02231	0.02231	0.02231	0.02231	0.02231	0.02231	0.02231	0.02231	0.02231	0.02231	0.02231	0.02231	0.02231	0.02231	0.02231	0.02231	0.02231	0.02231	0.02231	0.02231	0.02231	0.02231	0.02231	0.02231	0.02231	0.02231	0.02231	0.02231	0.02231	0.02231	0.02231	0.02231	0.02231	0.02231	0.02231	0.02231	0.02231	0.02231	0.02231	0.02231	0.02231	0.02231	0.02231	0.02231	0.02231	0.02231	0.02231	0.02231	0.02231	0.02231	0.02231	0.02231	0.02231	0.02231	0.02231	0.02231	0.02231	0.02231	0.02231	0.02231	0.02231	0.02231	0.02231	0.02231	0.02231	0.02231	0.02231	0.02231	0.02231	0.02231	0.02231	0.02231	0.02231	0.02231	0.02231	0.02231	0.02231	0.02231	0.02231	0.02231	0.02231	0.02231	0.02231	0.02231	0.02231	0.02231	0.02231	0.02231	0.02231	0.02231	0.02231	0.02231	0.02231	0.02231	0.02231	0.02231	0.02231	0.02231	0.02231	0.02231	0.02231	0.02231	0.02231	0.02231	0.02231	0.02231	0.02231	0.02231	0.02231	0.02231	0.02231	0.02231	0.02231	0.02231	0.02231	0.02231	0.02231	0.02231	0.02231	0.02231	0.02231	0.02231	0.02231	0.02231	0.02231	0.02231	0.02231	0.02231	0.02231	0.02231	0.02231	0.02231	0.02231	0.02231	0.02231	0.02231	0.02231	0.02231	0.02231	0.02231	0.02231	0.02231	0.02231	0.016961	0.016961	0.016961	0.016961	0.016961	0.016961	0.016961	0.016961	0.016961	0.016961	0.016961	0.016961	0.016961	0.016961	0.016961	0.016961	0.016961	0.016961	0.016961	0.016961	0.016961	0.016961	0.016961	0.016961	0.016961	0.016961	0.016961	0.016961	0.016961	0.016961	0.016961	0.016961	0.016961	0.016961	0.016961	0.016961	0.016961	0.016961	0.016961	0.016961	0.016961	0.016961	0.016961	0.016961	0.016961	0.016961	0.016961	0.016961	0.016961	0.016961	0.016961	0.016961	0.016961	0.016961	0.016961	0.016961	0.016961	0.016961	0.016961	0.016961	0.016961	0.016961	0.016961	0.016961	0.016961	0.016961	0.016961	0.016961	0.016961	0.016961	0.016961	0.016961	0.016961	0.016961	0.016961	0.016961	0.016961	0.016961	0.016961	0.016961	0.016961	0.016961	0.016961	0.016961	0.016961	0.016961	0.016961	0.016961	0.016961	0.016961	0.016961	0.016961	0.016961	0.016961	0.016961	0.016961	0.016961	0.016961	0.016961	0.016961	0.016961	0.016961	0.016961	0.016961	0.016961	0.016961	0.016961	0.016961	0.016961	0.016961	0.016961	0.016961	0.016961	0.016961	0.016961	0.016961	0.016961	0.016961	0.016961	0.016961	0.016961	0.016961	0.016961	0.016961	0.016961	0.016961	0.016961	0.016961	0.016961	0.016961	0.016961	0.016961	0.016961	0.016961	0.016961	0.016961	0.016961	0.016961	0.016961	0.016961	0.016961	0.016961	0.016961	0.016961	0.016961	0.016961	0.016961	0.016961	0.016961	0.016961	0.016961	0.016961	0.016961	0.016961	0.016961	0.016961	0.016961	0.016961	0.016961	0.016961	0.016961	0.016961	0.016961	0.016961	0.016961	0.016961	0.016961	0.016961	0.016961	0.016961	0.016961	0.016961	0.016961	0.016961	0.016961	0.016961	0.016961	0.016961	0.016961	0.016961	0.016961	0.016961	0.016961	0.016961	0.016961	0.016961	0.016961	0.016961	0.016961	0.016961	0.016961	0.016961	0.016961	0.016961	0.016961	0.016961	0.016961	0.016961	0.016961	0.016961	0.016961	0.016961	0.016961	0.016961	0.016961	0.016961	0.016961	0.016961	0.016961	0.016961	0.016961	0.016961	0.016961	0.016961	0.016961	0.016961	0.016961	0.016961	0.016961	0.016961	0.016961	0.016961	0.016961	0.016961	0.016961	0.016961	0.016961	0.016961	0.016961	0.016961	0.016961	0.016961	0.016961	0.016961	0.016961	0.016961	0.016961	0.016961	0.016961	0.016961	0.016961	0.016961	0.016961	0.016961	0.016961	0.016961	0.016961	0.016961	0.016961	0.016961	0.016961	0.016961	0.016961	0.016961	0.016961	0.016961	0.016961	0.016961	0.016961	0.016961	0.016961	0.016961	0.016961	0.016961	0.016961	0.016961	0.016961	0.016961	0.016961	0.016961	0.016961	0.016961	0.016961	0.016961	0.016961	0.016961	0.016961	0.016961	0.016961	0.016961	0.016961	0.016961	0.016961	0.016961	0.016961	0.016961	0.016961	0.016961	0.016961	0.016961	0.016961	0.016961	0.016961	0.016961	0.016961	0.016961	0.016961	0.016961	0.016961	0.016961	0.016961	0.016961	0.016961	0.016961	0.016961	0.016961	0.016961	0.016961	0.016961	0.016961	0.016961	0.016961	0.016961	0.016961	0.016961	0.016961	0.016961	0.016961	0.016961	0.016961	0.016961	0.016961	0.016961	0.016961	0.016961	0.016961	0.016961	0.016961	0.016961	0.016961	0.016961	0.016961	0.016961	0.016961	0.016961	0.016961	0.016961	0.016961	0.016961	0.016961	0.016961	0.016961	0.016961	0.016961	0.016961	0.016961	0.016961	0.016961	0.016961	0.016961	0.016961	0.016961	0.016961	0.016961	0.016961	0.016961	0.016961	0.016961	0.016961	0.016961	0.016961	0.016961	0.016961	0.016961	0.016961	0.016961	0.016961	0.016961	0.016961	0.016961	0.016961	0.016961	0.016961	0.016961	0.016961	0.016961	0.016961	0.016961	0.016961	0.016961	0.016961	0.016961	0.016961	0.016961	0.016961	0.016961	0.016961	0.016961	0.016961	0.016961	0.016961	0.016961	0.016961	0.016961	0.016961	0.016961	0.016961	0.016961	0.016961	0.016961	0.016961	0.016961	0.016961	0.016961	0.016961	0.016961	0.016961	0.016961	0.016961	0.016961	0.016961	0.016961	0.016961	0.016961	0.016961	0.016961	0.016961	0.016961	0.016961	0.016961	0.016961	0.016961	0.016961	0.016961	0.016961	0.016961	0.016961	0.016961	0.016961	0.016961	0.016961	0.016961	0.016961	0.016961	0.016961	0.016961	0.016961	0.016961	0.016961	0.016961	0.016961	0.016961	0.016961	0.016961	0.016961	0.016961	0.016961	0.016961	0.016961	0.016961	0.016961	0.016961	0.016961	0.016961	0.016961	0.016961	0.016961	0.016961	0.016961	0.016961	0.016961	0.016961	0.016961	0.016961	0.016961	0.016961	0.016961	0.016961	0.016961	0.016961	0.016961	0.016961	0.016961	0.016961	0.016961	0.016961	0.016961	0.016961	0.016961	0.016961	0.016961	0.016961	0.016961	0.016961	0.016961	0.016961	0.016961	0.016961	0.016961	0.016961	0.016961	0.016961	0.016961	0.016961	0.016961	0.016961	0.016961	0.016961	0.016961	0.016961	0.016961	0.016961	0.016961	0.016961	0.016961	0.016961	0.016961	0.016961	0.016961	0.016961	0.016961	0.016961	0.016961	0.016961	0.016961	0.016961	0.016961	0.016961	0.016961	0.016961	0.016961	0.016961	0.016961	0.016961	0.016961	0.016961	0.016961	0.016961	0.016961	0.016961	0.016961	0.016961	0.016961	0.016961	0.016961	0.016961	0.016961	0.016961	0.016961	0.016961	0.016961	0.016961	0.016961	0.016961	0.016961	0.016961	0.016961	0.016961	0.016961	0.016961	0.016961	0.016961	0.016961	0.016961	0.016961	0.016961	0.016961	0.016961	0.016961	0.016961	0.016961	0.016961	0.016961	0.016961	0.016961	0.016961	0.016961	0.016961	0.016961	0.016961	0.016961	0.016961	0.016961	0.016961	0.016961	0.016961	0.016961	0.016961	0.016961	0.016961	0.016961	0.016961	0.016961	0.016961	0.016961	