AA=0:1:999;

  
    
    Pcn = [8	3.2404	2.5367	0.49145	0.49145	0.11506	0.11506	0.11506	0.11506	0.041194	0.041194	0.041194	0.041194	0.041194	0.041194	0.041194	0.041194	0.041194	0.041194	0.041194	0.0076183	0.0076183	0.0076183	0.0076183	0.0076183	0.0076183	0.0076183	0.0076183	0.0076183	0.0076183	0.0036168	0.0036168	0.00085645	0.00029476	0.00029476	0.00029476	0.00029277	0.00029277	0.00021099	0.00021099	0.00021099	0.00021099	0.00010857	0.00010857	0.00010857	0.00010857	0.00010857	0.00010857	0.00010857	0.00010421	0.00010421	0.00010421	0.00010421	0.00010421	0.00010421	0.00010421	0.00010421	0.00010421	0.00010421	0.00010421	0.00010421	0.00010421	0.00010421	0.00010421	0.00010421	0.00010421	0.00010421	0.00010421	0.00010421	7.14E-05	7.14E-05	7.14E-05	7.14E-05	6.74E-05	6.74E-05	6.74E-05	4.09E-05	1.58E-05	1.58E-05	1.55E-05	1.08E-05	1.08E-05	8.95E-06	8.95E-06	6.39E-06	6.39E-06	6.39E-06	6.39E-06	6.39E-06	6.39E-06	6.39E-06	6.39E-06	1.92E-06	1.44E-06	1.44E-06	8.95E-07	3.50E-07	3.50E-07	2.28E-07	2.28E-07	2.28E-07	2.28E-07	1.94E-07	1.03E-07	8.68E-08	8.68E-08	5.20E-08	3.96E-08	3.96E-08	3.96E-08	3.96E-08	3.96E-08	3.96E-08	3.96E-08	3.96E-08	3.96E-08	3.93E-08	3.93E-08	5.10E-09	5.10E-09	5.10E-09	4.26E-09	4.26E-09	1.60E-09	1.60E-09	6.48E-10	6.48E-10	6.48E-10	5.63E-10	5.63E-10	5.63E-10	4.84E-10	4.84E-10	2.50E-10	2.50E-10	2.50E-10	2.50E-10	2.50E-10	2.50E-10	2.50E-10	2.50E-10	2.50E-10	2.50E-10	2.50E-10	2.50E-10	5.82E-11	5.82E-11	1.04E-11	1.04E-11	1.04E-11	1.04E-11	1.04E-11	6.20E-12	6.20E-12	6.20E-12	6.20E-12	4.92E-12	4.92E-12	3.83E-12	1.84E-12	1.84E-12	1.84E-12	1.84E-12	9.08E-13	9.08E-13	9.08E-13	9.08E-13	9.08E-13	9.08E-13	9.08E-13	9.08E-13	9.08E-13	9.08E-13	9.08E-13	1.06E-13	1.06E-13	1.06E-13	1.06E-13	1.06E-13	1.06E-13	1.06E-13	1.06E-13	1.06E-13	1.06E-13	1.06E-13	1.06E-13	1.06E-13	1.06E-13	1.06E-13	1.06E-13	1.06E-13	1.06E-13	1.06E-13	1.06E-13	1.06E-13	1.06E-13	1.06E-13	1.06E-13	1.06E-13	1.06E-13	1.06E-13	1.06E-13	1.06E-13	1.06E-13	1.06E-13	1.06E-13	1.06E-13	1.06E-13	1.06E-13	1.06E-13	1.06E-13	1.06E-13	1.06E-13	1.06E-13	1.06E-13	1.06E-13	1.06E-13	1.06E-13	1.06E-13	1.06E-13	1.06E-13	1.06E-13	1.06E-13	1.06E-13	1.06E-13	1.06E-13	1.06E-13	1.06E-13	1.06E-13	1.06E-13	1.06E-13	1.06E-13	1.06E-13	1.06E-13	1.06E-13	1.06E-13	1.06E-13	1.06E-13	1.06E-13	1.06E-13	1.06E-13	1.06E-13	1.06E-13	1.06E-13	1.06E-13	1.06E-13	1.06E-13	1.06E-13	1.06E-13	1.06E-13	1.06E-13	3.62E-14	3.62E-14	3.62E-14	3.62E-14	3.62E-14	3.62E-14	3.62E-14	3.62E-14	3.62E-14	3.62E-14	3.62E-14	3.62E-14	3.62E-14	3.62E-14	3.62E-14	3.62E-14	3.62E-14	3.62E-14	3.62E-14	3.62E-14	3.62E-14	3.62E-14	3.62E-14	3.62E-14	3.62E-14	3.62E-14	3.62E-14	3.62E-14	3.62E-14	3.62E-14	3.62E-14	3.62E-14	3.62E-14	3.62E-14	3.62E-14	3.62E-14	3.62E-14	3.62E-14	3.62E-14	3.62E-14	3.62E-14	3.62E-14	3.62E-14	3.62E-14	3.62E-14	3.09E-14	3.09E-14	3.09E-14	3.09E-14	3.09E-14	3.09E-14	3.09E-14	2.89E-14	2.89E-14	2.89E-14	2.89E-14	2.89E-14	5.91E-15	5.91E-15	5.91E-15	5.91E-15	5.91E-15	5.91E-15	5.91E-15	5.91E-15	5.91E-15	5.91E-15	5.91E-15	5.91E-15	5.91E-15	5.91E-15	5.91E-15	5.91E-15	5.91E-15	5.91E-15	5.91E-15	5.91E-15	5.91E-15	5.91E-15	5.91E-15	5.91E-15	5.91E-15	5.91E-15	5.91E-15	5.91E-15	5.91E-15	5.91E-15	5.91E-15	5.91E-15	5.91E-15	5.91E-15	5.91E-15	5.91E-15	5.91E-15	5.91E-15	5.91E-15	5.91E-15	5.91E-15	5.91E-15	5.91E-15	5.91E-15	5.91E-15	5.91E-15	5.91E-15	8.57E-16	8.57E-16	8.57E-16	8.57E-16	8.57E-16	8.57E-16	8.57E-16	8.57E-16	8.57E-16	8.57E-16	8.57E-16	8.57E-16	5.92E-16	5.92E-16	5.92E-16	5.92E-16	2.34E-16	2.34E-16	1.91E-16	1.91E-16	1.89E-16	1.89E-16	1.67E-16	1.67E-16	1.67E-16	1.55E-16	1.55E-16	1.55E-16	1.43E-16	1.43E-16	1.42E-16	1.42E-16	1.37E-16	1.31E-16	1.28E-16	1.26E-16	1.24E-16	1.23E-16	1.23E-16	1.22E-16	1.22E-16	1.22E-16	1.21E-16	1.21E-16	1.21E-16	1.21E-16	1.21E-16	1.21E-16	1.21E-16	1.21E-16	1.21E-16	1.21E-16	1.21E-16	1.21E-16	1.21E-16	1.21E-16	1.21E-16	1.21E-16	1.21E-16	1.21E-16	1.21E-16	1.21E-16	1.21E-16	1.21E-16	1.21E-16	1.21E-16	1.21E-16	1.10E-16	7.45E-17	7.45E-17	7.45E-17	5.53E-17	5.53E-17	4.31E-17	4.31E-17	4.31E-17	4.31E-17	4.31E-17	2.02E-17	2.02E-17	2.02E-17	2.02E-17	2.02E-17	2.02E-17	2.02E-17	8.48E-18	8.48E-18	8.48E-18	8.48E-18	6.06E-18	6.06E-18	6.06E-18	6.06E-18	6.06E-18	6.06E-18	6.06E-18	6.06E-18	6.06E-18	6.06E-18	6.06E-18	4.42E-18	4.42E-18	4.42E-18	4.42E-18	4.42E-18	4.42E-18	4.42E-18	3.09E-18	3.09E-18	3.09E-18	3.09E-18	1.69E-18	1.69E-18	1.69E-18	1.69E-18	1.69E-18	1.69E-18	1.69E-18	9.08E-19	9.08E-19	9.08E-19	9.08E-19	9.08E-19	3.35E-19	3.35E-19	3.35E-19	3.35E-19	2.03E-19	2.03E-19	2.03E-19	2.03E-19	2.03E-19	2.03E-19	2.03E-19	2.03E-19	2.03E-19	2.03E-19	1.57E-19	1.57E-19	1.57E-19	1.57E-19	1.57E-19	1.57E-19	1.57E-19	1.57E-19	8.91E-20	8.91E-20	8.91E-20	8.91E-20	3.94E-20	3.94E-20	3.94E-20	3.94E-20	3.94E-20	3.94E-20	3.94E-20	3.94E-20	3.94E-20	3.94E-20	3.94E-20	3.94E-20	3.94E-20	3.94E-20	1.73E-20	1.73E-20	1.73E-20	1.73E-20	1.73E-20	1.73E-20	1.73E-20	1.73E-20	1.13E-20	1.13E-20	1.13E-20	1.13E-20	1.13E-20	1.13E-20	1.13E-20	1.13E-20	1.13E-20	1.13E-20	1.13E-20	1.13E-20	1.13E-20	1.13E-20	1.13E-20	8.39E-21	8.39E-21	8.39E-21	8.39E-21	6.17E-21	6.17E-21	6.17E-21	6.17E-21	6.17E-21	6.17E-21	6.17E-21	6.17E-21	6.17E-21	5.64E-21	3.26E-21	3.26E-21	3.26E-21	3.26E-21	3.26E-21	3.26E-21	3.26E-21	3.08E-21	3.08E-21	2.70E-21	2.70E-21	2.70E-21	2.70E-21	2.70E-21	2.70E-21	2.70E-21	2.70E-21	2.70E-21	2.70E-21	1.32E-21	1.32E-21	1.32E-21	1.04E-22	1.04E-22	1.04E-22	1.04E-22	1.04E-22	1.04E-22	1.04E-22	1.04E-22	2.37E-23	2.37E-23	2.37E-23	2.37E-23	2.37E-23	2.37E-23	2.37E-23	2.37E-23	2.37E-23	2.37E-23	2.37E-23	2.37E-23	2.11E-23	2.11E-23	2.11E-23	2.11E-23	2.11E-23	2.11E-23	8.65E-24	8.65E-24	1.98E-24	1.98E-24	1.98E-24	1.98E-24	1.98E-24	1.98E-24	1.98E-24	1.98E-24	1.98E-24	1.98E-24	1.98E-24	1.98E-24	1.98E-24	1.06E-24	1.06E-24	1.06E-24	1.06E-24	1.06E-24	1.06E-24	1.06E-24	1.06E-24	1.06E-24	7.77E-25	7.77E-25	7.77E-25	7.77E-25	7.77E-25	7.77E-25	7.77E-25	7.77E-25	7.77E-25	7.77E-25	7.77E-25	7.77E-25	7.77E-25	7.77E-25	7.77E-25	7.77E-25	7.77E-25	7.77E-25	7.77E-25	1.50E-25	1.50E-25	1.50E-25	1.50E-25	1.50E-25	1.50E-25	1.50E-25	1.50E-25	1.50E-25	1.50E-25	1.50E-25	1.50E-25	1.50E-25	1.50E-25	1.50E-25	1.50E-25	1.50E-25	1.50E-25	1.20E-25	1.20E-25	1.20E-25	1.20E-25	1.20E-25	1.20E-25	1.20E-25	1.17E-25	1.17E-25	1.17E-25	3.00E-26	3.00E-26	1.05E-26	1.05E-26	1.05E-26	1.05E-26	1.05E-26	1.05E-26	1.05E-26	1.05E-26	1.05E-26	1.05E-26	1.05E-26	1.05E-26	1.05E-26	3.93E-27	3.93E-27	3.93E-27	3.93E-27	3.93E-27	3.93E-27	3.93E-27	3.93E-27	3.93E-27	3.93E-27	3.93E-27	3.93E-27	3.93E-27	3.93E-27	3.93E-27	3.93E-27	3.93E-27	3.93E-27	3.93E-27	3.93E-27	3.93E-27	3.93E-27	3.93E-27	3.93E-27	3.93E-27	3.93E-27	3.93E-27	3.93E-27	3.93E-27	3.93E-27	3.93E-27	3.93E-27	3.93E-27	3.87E-27	3.87E-27	3.87E-27	3.87E-27	3.85E-27	3.85E-27	3.85E-27	3.85E-27	3.85E-27	3.85E-27	3.85E-27	3.85E-27	3.85E-27	3.85E-27	3.85E-27	3.85E-27	3.85E-27	3.85E-27	3.85E-27	3.85E-27	3.85E-27	3.65E-27	3.65E-27	3.65E-27	3.65E-27	3.65E-27	3.65E-27	3.65E-27	3.65E-27	3.63E-27	3.63E-27	1.24E-27	1.24E-27	1.28E-28	1.28E-28	1.28E-28	1.28E-28	1.28E-28	1.28E-28	1.28E-28	1.28E-28	1.28E-28	1.28E-28	1.28E-28	1.28E-28	1.28E-28	4.26E-29	4.26E-29	4.26E-29	4.26E-29	4.26E-29	4.26E-29	4.26E-29	4.26E-29	4.26E-29	4.26E-29	4.26E-29	4.26E-29	4.26E-29	4.26E-29	4.26E-29	4.26E-29	4.26E-29	4.26E-29	4.26E-29	4.26E-29	4.26E-29	4.26E-29	4.26E-29	4.26E-29	1.97E-29	1.98E-30	1.98E-30	1.98E-30	1.98E-30	1.50E-30	1.50E-30	1.50E-30	1.50E-30	1.50E-30	1.50E-30	8.15E-32	8.15E-32	8.15E-32	8.15E-32	8.15E-32	8.15E-32	8.15E-32	8.15E-32	8.15E-32	8.15E-32	8.15E-32	1.21E-32	1.21E-32	1.21E-32	1.21E-32	1.21E-32	1.21E-32	1.21E-32	1.21E-32	1.21E-32	1.21E-32	1.21E-32	1.21E-32	1.21E-32	1.21E-32	4.13E-33	4.13E-33	4.13E-33	4.13E-33	4.13E-33	4.13E-33	4.13E-33	4.13E-33	4.13E-33	4.13E-33	4.13E-33	4.13E-33	4.13E-33	4.13E-33	4.13E-33	4.13E-33	4.13E-33	4.13E-33	4.13E-33	4.13E-33	4.13E-33	4.13E-33	4.13E-33	4.13E-33	4.13E-33	4.13E-33	4.13E-33	4.13E-33	4.13E-33	4.13E-33	4.13E-33	4.13E-33	4.13E-33	4.13E-33	4.13E-33	4.13E-33	4.13E-33	4.13E-33	4.13E-33	4.13E-33	4.13E-33	4.13E-33	4.13E-33	4.13E-33	4.13E-33	4.13E-33	4.13E-33	4.13E-33	4.13E-33	